5.808164058164058119e-01
2.067299367299367141e+00
2.345582061916000161e+00
1.081439393939394034e+00
1.852380952380952239e+00
3.727853632853633137e+00
5.465656483807361798e-01
1.456296600265255536e+00
1.610334910482851045e+00
1.390182458446616920e+00
2.490746308925067876e+00
2.622206996899848264e+00
4.412378797672915631e+00
1.059939631713825214e+00
1.295365582130287851e+00
9.981971843638127728e-01
1.734401933080917280e+00
2.260335684216280949e+00
1.194224635099875753e+00
1.703366687248266231e+00
1.458540140811027674e+00
1.973178871900099551e+00
1.105036480995560400e+00
2.928326799905746736e+00
1.526621675831201008e+00
3.249537370333858810e+00
3.342642621463387531e+00
1.851099488092404766e+00
8.383796895926276527e-01
1.709330593199813286e+00
2.404749312644049120e+00
2.649893304150269913e+00
3.077719083604177008e+00
1.356610799090623320e+00
1.309750864687191152e+00
3.037766830870279211e+00
2.627217964370811565e+00
3.324523809523809881e+00
3.359981684981685035e+00
4.421925826354768496e+00
3.925385607904147811e+00
3.280571193071192937e+00
2.862289955518333429e+00
2.212488120693751448e+00
2.640817308745186942e+00
5.365747702589808377e+00
2.128305003554427532e+00
2.802589077589077604e+00
3.211423874867270989e+00
3.722978798774879472e+00
2.314128600158011917e+00
1.990392183549368532e+00
3.904381697704780052e+00
4.671144773698953756e+00
4.066991341991341713e+00
2.655248225772522730e+00
4.448029774300811923e+00
4.067216810966810314e+00
5.604137748216695414e+00
3.188487858070371939e+00
2.946316337629504289e+00
3.685312544752772368e+00
2.742564800413917148e+00
2.812084112481948672e+00
2.700351748234533389e+00
2.323072082955803808e+00
5.046084419536432719e+00
2.477588597233616241e+00
5.408251797885943901e+00
2.685055524185959275e+00
3.848803418803418808e+00
3.000326512567891513e+00
5.045127223742094991e+00
5.834879181862441477e+00
4.292061636798479185e+00
3.501641863495311924e+00
5.944536094536094772e+00
6.135555727307645313e+00
6.685173160173160767e+00
4.613199880288488153e+00
2.062698412698412920e+00
1.877777777777777546e+00
6.639452649746766966e+00
5.840980079432091188e+00
2.602562892927328342e+00
4.358046887323202334e+00
6.009242146742145962e+00
4.053843584613800566e+00
3.914285714285714146e+00
6.246568627450979072e+00
5.344369322515776233e+00
4.753283552196596595e+00
6.280933394091289479e+00
3.750049360575676172e+00
4.539843519682229100e+00
6.703721547269934966e+00
6.068756024677076866e+00
4.241494050611697375e+00
6.246056584581175741e+00
3.868183389115592341e+00
