5.729508039163192734e+00
7.162648646044544876e-01
3.723600963130593300e-01
2.131377593250363134e-01
1.767855682264780626e-01
1.703028765332419425e-01
1.558532451163046062e-01
1.654518870927859098e-01
1.301519156550057232e-01
1.440306674048770219e-01
1.336232620233204216e-01
1.264741957711521536e-01
1.347364870307501405e-01
1.251944429932336789e-01
1.110546097625046968e-01
1.205340086598880589e-01
1.097854400723008439e-01
1.085111297907133121e-01
1.030126434925477952e-01
1.162124997790670022e-01
9.001804658328182995e-02
9.283837921248050407e-02
8.672609674977138638e-02
8.454252203227952123e-02
7.778355079062748700e-02
8.371621951664565131e-02
8.222871043108170852e-02
8.267018060723785311e-02
6.903458837041398510e-02
6.734747303562471643e-02
6.464277621125802398e-02
7.095290165307233110e-02
7.479022866027662531e-02
7.783163878775667399e-02
6.699863758694846183e-02
6.972865928401006386e-02
7.438954275130527094e-02
8.234479565908259246e-02
7.856574807374272496e-02
7.894168274651747197e-02
6.952801477746106684e-02
8.524965055403299630e-02
7.772877730167238042e-02
7.242906250758096576e-02
8.484766882611438632e-02
8.459351496276212856e-02
7.794852489314507693e-02
9.776625891390722245e-02
7.313455165422055870e-02
6.942544343473855406e-02
7.099256596120540053e-02
6.783127634844277054e-02
8.332486809740657918e-02
6.738597717776428908e-02
5.793533830001251772e-02
7.932548415556084365e-02
7.565620876630418934e-02
7.093979266937822104e-02
6.087148746155435219e-02
6.439993058302206919e-02
5.727634934009984136e-02
6.442185917694587260e-02
6.557631526084151119e-02
6.777536089066416025e-02
6.310549591580638662e-02
5.663962054313742556e-02
6.937779228610452265e-02
6.121947984502185136e-02
6.074155512033030391e-02
6.249105589085957035e-02
6.273995035007828847e-02
6.850025829044170678e-02
5.955134810938034207e-02
6.143194993637735024e-02
7.066121101161115803e-02
5.907009392831241712e-02
6.293368800106691197e-02
4.893387342599453405e-02
5.020127634634263813e-02
5.829213620745576918e-02
6.032847168626176426e-02
5.876564902428071946e-02
6.620565073535544798e-02
5.179804050567327067e-02
5.100738651526626199e-02
5.478001713709090836e-02
4.746132923901313916e-02
4.866601625872135628e-02
4.683304373975261115e-02
4.927062830756767653e-02
5.224860074667958543e-02
5.295626633596839383e-02
4.526854491268750280e-02
5.415018114945269190e-02
4.567883211711887270e-02
5.545055611582938582e-02
5.663087267021182925e-02
4.635897961816226598e-02
5.328229667065897956e-02
4.839815476225339808e-02
