6.201541103422641754e+00
7.434779605828225613e-01
2.423503267345950007e-01
2.162117495317943394e-01
2.078399122110567987e-01
2.202881919802166522e-01
2.117001814185641706e-01
1.344872559129726142e-01
1.060795022058300674e-01
1.012797472649253905e-01
1.114141604630276561e-01
1.645087804354261607e-01
1.810169381205923855e-01
2.382631556538399309e-01
1.699446121347136796e-01
1.171477716416120529e-01
1.969891408516559750e-01
1.306390645622741431e-01
1.145627375808544457e-01
1.478766822256147861e-01
1.317432018113322556e-01
1.379419341683387756e-01
1.374831402790732682e-01
1.117554272641427815e-01
1.731131901033222675e-01
1.206012479669880122e-01
1.215705095091834664e-01
1.104111476452089846e-01
1.029466688632965088e-01
1.372925467148888856e-01
1.219645371893420815e-01
1.106282919936347753e-01
1.258243529882747680e-01
1.134308908949606121e-01
9.794750923174433410e-02
1.185822630650363863e-01
1.039779208294930868e-01
1.095785602228716016e-01
9.970321289438288659e-02
9.509670687839388847e-02
7.763981676544062793e-02
1.128364539763424546e-01
8.662367358920164406e-02
8.132806059438735247e-02
8.636236960592214018e-02
9.458648682630155236e-02
7.225366530474275351e-02
1.005715520877856761e-01
8.475242950953543186e-02
9.272400854388251901e-02
6.405056957737542689e-02
7.335145419347099960e-02
6.241728013264946640e-02
8.610526050324551761e-02
6.765337745309807360e-02
8.317972434451803565e-02
7.088034784828778356e-02
8.172891402500681579e-02
7.695144903846085072e-02
6.431629629514645785e-02
6.310619381838478148e-02
7.684184641402680427e-02
7.613285414117854089e-02
7.799865570268593729e-02
6.124807213200256228e-02
7.187802396947517991e-02
6.567693898978177458e-02
6.355772426468320191e-02
6.150901922956109047e-02
6.712377652729628608e-02
6.665142341080354527e-02
6.217625860881526023e-02
6.927654455648735166e-02
5.551611760165542364e-02
7.070767274126410484e-02
6.918324209982529283e-02
5.950120350462384522e-02
7.007941340270917863e-02
6.157168541540158913e-02
6.631679381825961173e-02
6.854421841853763908e-02
5.999896913999691606e-02
5.843136257317382842e-02
6.166500272229313850e-02
5.660245535545982420e-02
6.713759069680236280e-02
7.088151882635429502e-02
8.212974420166574419e-02
6.050700890773441643e-02
5.022864196507725865e-02
6.187790390686132014e-02
5.524941300973296165e-02
5.660181044368073344e-02
5.169774840760510415e-02
5.957983143161982298e-02
5.572017373924609274e-02
5.223504621244501323e-02
5.514987130300141871e-02
5.164055022760294378e-02
5.931731300370302051e-02
