2.046793692009910792e+00
1.914107461166284718e+00
2.575757575757575690e-01
6.775223499361430202e-01
1.897970085470085388e+00
1.182613223302878547e+00
1.672066629023150952e+00
1.108875128998968007e+00
2.188032990974167369e+00
4.844840077038219395e-01
2.072434669871741075e+00
1.396174196174196025e+00
3.355655250392092226e-01
1.299367497149755080e+00
3.105978086241243830e+00
2.130545316001705380e+00
8.852822580645161032e-01
3.529581529581529598e+00
6.356725146198830556e-01
1.510406484196806787e+00
4.000389055389055315e+00
1.267214974194379229e+00
2.566475625823451789e+00
2.659164691517632573e+00
3.013095238095238049e+00
3.719124013241660087e+00
3.902750369740782155e+00
2.297486042880779955e+00
1.762934354797324410e+00
1.865460243746460911e+00
1.368959512709512660e+00
3.540849673202613790e+00
3.641546879046879237e+00
3.554590009233971948e+00
1.816988582393727958e+00
4.001556513409960658e+00
8.916017316017316174e-01
1.911809681546523754e+00
2.258433070197775727e+00
3.898127597040641046e+00
3.779297283176593858e+00
2.735057347044155929e+00
3.435742766005923876e+00
3.959673659673659252e+00
4.731708569208569415e+00
4.528571428571428470e+00
3.976050420168066868e+00
3.533310023310022974e+00
4.583235718529835800e+00
3.988864566805742751e+00
1.569687948790116083e+00
2.125853999801368133e+00
7.295546558704452123e-01
3.492863286942234691e+00
5.440842490842491053e+00
2.331653853392983589e+00
2.585914085914085891e+00
4.694436067888080544e+00
1.720308123249299603e+00
6.262820512820512775e-01
3.284126984126984006e+00
2.596799355447053870e+00
3.440721897940231866e+00
5.000000000000000000e-01
5.016089307865623681e+00
5.087941628264208482e+00
3.383217166465248393e+00
2.439187584916990392e+00
4.237106352838617696e+00
2.647563812305191888e+00
4.025896670014317280e+00
2.885772712054849531e+00
3.102272727272727515e+00
4.997077922077921563e+00
4.638492063492063444e+00
3.101075744179192295e+00
2.997229923860358358e+00
4.974286875834863508e+00
3.961331542853281817e+00
3.168395770895771069e+00
4.512111801242236098e+00
3.880952380952380931e+00
3.750133689839572515e+00
4.674175824175823557e+00
5.360401434314478131e+00
4.195039682539682069e+00
5.522444222444223172e+00
4.512468368990107948e+00
4.029828888076969484e+00
3.966741854636591125e+00
1.448872180451127756e+00
4.352374316504750595e+00
4.211155562703550181e+00
1.362231345627495704e+00
2.148057309048021057e+00
5.568081969629957051e+00
2.750793650793650791e+00
2.917460317460317309e+00
1.120772361010052176e+00
3.861540311540311521e+00
