1.807618114398792386e+00
3.747606832184828818e-01
1.919095270568504930e-01
1.278752994257956743e-01
1.244813392404466867e-01
1.141035197069868445e-01
1.282619005069136620e-01
1.214771336526609957e-01
9.734683966962620616e-02
1.028033373877406120e-01
1.102933049987768754e-01
1.073674597719218582e-01
1.076138777134474367e-01
1.196018020709743723e-01
1.074562504945788532e-01
1.000393808062653989e-01
8.017417762312106788e-02
9.349672059761360288e-02
7.568746445758733898e-02
1.010849028825759888e-01
7.577795186080038548e-02
8.159145980607718229e-02
7.875766354845836759e-02
7.468723987403791398e-02
7.063134052441455424e-02
1.210446948534809053e-01
8.751724578905850649e-02
9.794488153420388699e-02
7.625259290216490626e-02
7.450166722264839336e-02
8.590231754351407290e-02
1.074679289595223963e-01
8.286655068513937294e-02
7.808188267517834902e-02
5.511789765296271071e-02
7.811149320332333446e-02
6.962302741885650903e-02
5.784703372046351433e-02
7.411134929861873388e-02
6.868585952906869352e-02
7.704749263939447701e-02
5.914472162839956582e-02
5.428267983370460570e-02
6.346157903317362070e-02
8.476575554232113063e-02
5.860023581772111356e-02
6.157055484072770923e-02
7.348769795498810709e-02
5.361355334753170609e-02
6.324982419027946889e-02
4.067763553030090407e-02
8.287650247802957892e-02
5.753191442636307329e-02
6.072367716114968061e-02
6.299870341899804771e-02
5.916836472169961780e-02
5.089571746066212654e-02
5.268666829215362668e-02
5.555362663289997727e-02
5.779758599237538874e-02
5.846822234161663800e-02
5.053774869884364307e-02
5.018916192057076842e-02
4.092579431016929448e-02
3.949509674566797912e-02
3.974455576098989695e-02
4.142622202925849706e-02
4.790168050385545939e-02
4.407006298424676061e-02
4.381264819676289335e-02
4.202285372593905777e-02
4.066933477588463575e-02
4.168949433369562030e-02
3.564417504821904004e-02
3.948593042878201231e-02
4.132176405255449936e-02
4.353634951985441148e-02
4.441932595364050940e-02
5.087422335054725409e-02
4.929097239801194519e-02
4.597335289872717112e-02
4.623538641317281872e-02
4.266225178434979171e-02
3.919325338938506320e-02
4.605627972341608256e-02
5.147941112227272242e-02
3.954811187577433884e-02
3.656453705480089411e-02
4.162035905756056309e-02
4.210543251247145236e-02
4.893997247563675046e-02
4.550320545240538195e-02
4.255907230253797024e-02
4.385989450383931398e-02
4.481122072320431471e-02
4.162262313184328377e-02
4.131280776346102357e-02
3.694455474396818317e-02
3.461390225857030600e-02
3.947933999006636441e-02
