1.707148140443335071e+00
1.581913919413919345e+00
1.475093196644920779e+00
1.799602122015915295e+00
2.089738771870815359e+00
1.744924812030075323e+00
2.101165643562389107e+00
3.070857706105384111e+00
6.657050320108804931e-01
1.776577806438139007e+00
1.979100876154360922e+00
2.058202161082218762e+00
2.897081886824882435e+00
1.568684651320749301e+00
3.666744762371657362e+00
4.973767409061526479e+00
4.214226971463813420e+00
4.841854553492484392e+00
3.071208203561144767e+00
2.895917004867529787e+00
9.608112836541143897e-01
3.890491438386175282e+00
2.887258793837740978e+00
1.724954407846510218e+00
2.167340636061863890e+00
4.087157287157286767e+00
4.218791485819392229e+00
4.928087996191443665e+00
3.379029304029304459e+00
3.737154302943776596e+00
3.029886896990477752e+00
4.403457653457652832e+00
5.140967804125699203e+00
4.382395382395381844e+00
2.308150183150183388e+00
3.228512982059892789e+00
3.972758478843672059e+00
5.003826402355814551e+00
2.937621095869177079e+00
5.212719298245614752e+00
5.232313846947993063e+00
2.510426821236340977e+00
3.333379926191125442e+00
1.885196785984240675e+00
4.777505827505827085e+00
3.168979081219752914e+00
5.143964858670741158e+00
4.484550289829792646e+00
4.765422803890295711e+00
5.482183557183557099e+00
5.863924963924963762e+00
3.255365467865468432e+00
4.467734482266501495e+00
4.989910842385734568e+00
4.866803196803196840e+00
5.157188681406805308e+00
5.450936730967690380e+00
3.652221820325268542e+00
6.294239703386045548e+00
4.127103717141667794e+00
5.666574469591711072e+00
6.261448219507604662e+00
5.619083255925361620e+00
4.844298220960624235e+00
3.560825738766915105e+00
5.286394219850102161e+00
4.835875235875235489e+00
5.255518093018092252e+00
3.536884210205820889e+00
4.417431684048830576e+00
3.508073761034286697e+00
3.721628118183845757e+00
5.241688139446758932e+00
5.169992910315490242e+00
3.741693029193029485e+00
4.921237585943468495e+00
5.084215784215783351e+00
4.798986167089614341e+00
3.292622514361644548e+00
5.248709985666507372e+00
5.279232804232803389e+00
6.037291144527986653e+00
4.850742721330956186e+00
6.093811743811744286e+00
4.430177717019822659e+00
4.844047619047619158e+00
5.499404761904762573e+00
4.264285714285714235e+00
5.603968253968253599e+00
3.655488955488955582e+00
4.778571428571428470e+00
5.636349952729263535e+00
5.482700632700633570e+00
5.127564610843982074e+00
4.428350570997629632e+00
4.773867969602178185e+00
6.467118236732841474e+00
5.039643689643689584e+00
2.908055135726469675e+00
5.563719151219151726e+00
