9.031131543742958456e-01
4.602695441863033921e-01
1.854609113652259111e-01
1.202876084425952286e-01
1.469678426219616085e-01
1.607807641266845167e-01
1.137078576575731859e-01
2.029741474543698132e-01
1.409935320552904159e-01
1.289061070274328813e-01
1.338728296977933496e-01
1.509662337484769523e-01
1.220212740008719265e-01
1.637719042773824185e-01
1.366071912052575499e-01
1.228426419256720692e-01
1.369506267074029893e-01
9.690250869607552886e-02
1.542287535266950727e-01
1.279885895492043346e-01
1.201289073032967281e-01
1.085867766814772040e-01
1.226967285620048642e-01
1.227990062761818990e-01
1.252243352646473795e-01
1.027731860522180796e-01
1.066724444535793737e-01
1.127422251884127036e-01
1.087218282045796514e-01
1.179457418038509786e-01
1.107130172531469725e-01
1.454318863980006427e-01
1.095335742429597303e-01
1.120721270563080907e-01
7.624150811170693487e-02
9.007056504924548790e-02
9.002892201533541083e-02
1.154046514129731804e-01
9.063218798837624490e-02
8.906929209479130805e-02
1.025153582086204551e-01
8.480521319506806321e-02
8.411157772206934169e-02
8.206147822056664154e-02
1.072203217336209491e-01
7.096826406632317230e-02
8.989024115726351738e-02
7.793445089191664010e-02
8.326374050830054330e-02
8.139334597217384726e-02
8.200298008159734309e-02
6.134033989110321272e-02
7.748177237226627767e-02
7.524857988755684346e-02
5.693363786849658936e-02
8.358357127872295678e-02
7.324079269892536104e-02
6.932285389484604821e-02
6.645175140874926001e-02
7.428860228901612572e-02
7.931299184565432370e-02
7.571416821156162769e-02
5.544344702502712607e-02
6.926056848897133023e-02
7.969195564510300756e-02
6.731151990243233740e-02
6.717322535405401140e-02
4.592486926412675530e-02
6.417166780738625675e-02
6.522753827448468655e-02
5.153702459210762754e-02
5.510956578655168414e-02
7.214576983824372292e-02
5.857386279967613518e-02
6.663743092212826014e-02
5.603494719252921641e-02
5.313278772518970072e-02
5.489693350682500750e-02
5.575832357862964272e-02
4.933206165151204914e-02
5.372095908387564123e-02
5.986674391897395253e-02
5.536426440085051581e-02
4.683074683998711407e-02
6.101461384241702035e-02
5.973604477185290307e-02
5.990761557404766791e-02
5.245357620879076421e-02
4.277063994959462434e-02
5.549264319415669888e-02
5.160393817641306669e-02
5.985267028154339641e-02
5.716830375240533613e-02
4.645952410646714270e-02
4.068153256957884878e-02
5.766778132237959653e-02
3.989663397442200221e-02
4.427637445041909814e-02
4.136268700676737353e-02
5.054314233711920679e-02
