2.085145025752236592e+00
1.274830702394434523e+00
1.121437096936189537e+00
3.415852827617533172e-01
1.985276148582600264e+00
2.839132144085704468e+00
1.809833681790203430e+00
4.871794871794871695e-01
6.052631578947368363e-01
1.060831053004966051e+00
2.742609491957317847e+00
7.960348829914046798e-01
1.386523498288204204e+00
2.026451174800320665e+00
2.785618792971733981e+00
2.267094136059653486e+00
1.369768541360833591e+00
2.462179487179486870e+00
1.074383048547561392e+00
3.014903234020881229e+00
2.691126194067370303e+00
3.404399164535986788e+00
1.075476247890041037e+00
2.812066162610626918e+00
1.473641390815303875e+00
4.193650793650793851e+00
2.017074864133687306e+00
3.820490620490620159e+00
3.377914706552477497e+00
3.334559957586273438e+00
2.866577540106951982e+00
4.150220694338341509e+00
2.660787496816908515e+00
1.758627450980392082e+00
3.925757575757575779e+00
2.332323232323231910e+00
4.200646648672964112e+00
2.371190932196625134e+00
1.231405265109380753e+00
1.249202362750749806e+00
2.349673202614378731e+00
4.528277126099705896e+00
2.633000848896434043e+00
4.386369770580296645e+00
2.400300300300299838e+00
4.351678438520544034e+00
3.270454545454545059e+00
1.729700950390605785e+00
5.194857430151547106e+00
3.336186568571966937e+00
4.275252525252525082e+00
3.463024359763489990e+00
3.098634956374894500e+00
4.053168670410048691e+00
7.543436176648518066e-01
3.793223443223443070e+00
2.608240977550440487e+00
3.328205128205127927e+00
2.814285714285714057e+00
2.205729455729455779e+00
3.639898989898989967e+00
3.295802005012530955e+00
4.642504769052756330e+00
3.842988598948351431e+00
5.077994227994227394e+00
4.467916666666665648e+00
4.533055871396832082e+00
6.022619047619047095e+00
3.064585541587829809e+00
4.252733825314470195e+00
2.501063876146729648e+00
4.436489898989898428e+00
3.321978381096027721e+00
4.151978021978021793e+00
4.997797300738477055e+00
6.801428571428571601e+00
4.642645580226225199e+00
3.660011883541295141e+00
3.932043650793650702e+00
3.344611528822054591e+00
4.645093795093795386e+00
4.162120241764204920e+00
5.258620365142103736e+00
4.857294584500466250e+00
4.748275304797044072e+00
4.288874790964573691e+00
4.691031730417919654e+00
4.577106227106226832e+00
5.529918959021343561e+00
5.285714285714285587e+00
3.992390289449113006e+00
4.233950853068499498e+00
6.020233851116202572e+00
6.205226009688252553e+00
5.836131996658312282e+00
5.280158730158729163e+00
6.248051509893615574e+00
3.711356801516984660e+00
5.297232153811101796e+00
2.617460317460317487e+00
